void setup(){
size(400,400);
 
fill(250,250,50);
circle(200,200,200); 
fill( 255, 0, 0);
circle(257,230,40); 
fill( 255, 0, 0);
circle(140,230,40); 
fill( 50, 50, 50);
circle(160, 145,35);
fill( 50, 50, 50);
circle(240, 145,35);
fill(255,255,255);
circle(230, 140,15);
fill(255,255,255);
circle(170, 140,15);
fill( 50, 50, 50);
circle(200, 200,15);
fill(255, 0, 0);
rect(180,230,40,40);
fill(250,250,50);
rect(130,35,30,90);
fill(250,250,50);
rect(230,35,30,90);
fill(50,50,50);
rect(230,35,29,20);
fill(50,50,50);
rect(130,35,29,20);
